text [862, 149, 938, 932]寶文籃山澤水火之龜也故十朋之龜三上
text [693, 116, 835, 621]易位成既濟故弗克違元吉矣
text [658, 119, 735, 602]象曰六五元吉自上祐也
text [419, 158, 648, 943]伏果曰內柔外剛龜之象也又體兌艮乎有坤震兑為澤龜良為山龜坤為地龜震為木龜坤數又十故曰十朋朋類也六五處尊損
text [288, 158, 415, 943]龜坤數又十故曰十朋朋類也六五處尊損
text [149, 158, 280, 943]已奉上人謀允叫龜墨不違故能延上九之
text [69, 174, 155, 943]祐而來十朋之益所以大吉也
text [76, 0, 155, 58][Non-Text]
text [0, 0, 71, 58][Non-Text]
text [0, 58, 71, 58][Non-Text]
text [0, 58, 71, 58][Non-Text]
text [0, 58, 71, 58][Non-Text]
text [0, 58, 71, 58][Non-Text]
text [0, 58, 71, 58][Non-Text]
text [0, 58, 71, 58][Non-Text]
text [0, 58, 71, 58][Non-Text]
text [0, 58, 71, 58][Non-Text]
text [0, 58, 71, 58][Non-Text]
text [0, 58, 71, 58][Non-Text]
text [0, 58, 71, 58][Non-Text]
text [0, 58, 71, 58][Non-Text]
text [0, 58, 71, 58][Non-Text]
text [0, 58, 71, 58][Non-Text]
text [0, 58, 71, 58][Non-Text]
text [0, 58, 71, 58][Non-Text]
text [0, 58, 71, 58][Non-Text]
text [0, 58, 71, 58][Non-Text]
text [0, 58, 71, 58][Non-Text]
text [0, 58, 71, 58][Non-Text]
text [0, 58, 71, 58][Non-Text]
text [0, 58, 71, 58][Non-Text]
text [0, 58, 71, 58][Non-Text]
text [0, 58, 71, 58][Non-Text]
text [0, 58, 71, 58][Non-Text]
text [0, 58, 71, 58][Non-Text]
text [0, 58, 71, 58][Non-Text]
text [0, 58, 71, 58][Non-Text]
text [0, 58, 71, 58][Non-Text]
text [0, 58, 71, 58][Non-Text]
text [0, 58, 71, 58][Non-Text]
text [0, 58, 71, 58][Non-Text]
text [0, 58, 71, 58][Non-Text]
text [0, 58, 71, 58][Non-Text]
text [0, 58, 71, 58][Non-Text]
text [0, 58, 71, 58][Non-Text]
text [0, 58, 71, 58][Non-Text]
text [0, 58, 71, 58][Non-Text]
text [0, 58, 71, 58][Non-Text]
text [0, 58, 71, 58][Non-Text]
text [0, 58, 71, 58][Non-Text]
text [0, 58, 71, 58][Non-Text]
text [0, 58, 71, 58][Non-Text]
text [0, 58, 71, 58][Non-Text]
text [0, 58, 71, 58][Non-Text]
text [0, 58, 71, 58][Non-Text]
text [0, 58, 71, 58][Non-Text]
text [0, 58, 71, 58][Non-Text]
text [0, 58, 71, 58][Non-Text]
text [0, 58, 71, 58][Non-Text]
text [0, 58, 71, 58][Non-Text]
text [0, 58, 71, 58][Non-Text]
text [0, 58, 71, 58][Non-Text]
text [0, 58, 71, 58][Non-Text]
text [0, 58, 71, 58][Non-Text]
text [0, 58, 71, 58][Non-Text]
text [0, 58, 71, 58][Non-Text]
text [0, 58, 71, 58][Non-Text]
text [0, 58, 71, 58][Non-Text]
text [0, 58, 71, 58][Non-Text]
text [0, 58, 71, 58][Non-Text]
text [0, 58, 71, 58][Non-Text]
text [0, 58, 71, 58][Non-Text]
text [0, 58, 71, 58][Non-Text]
text [0, 58, 71, 58][Non-Text]
text [0, 58, 71, 58, 71
text [0, 58, 71, 58][Non-Text]
text [0, 58, 71, 58][Non-Text]
text [0, 58, 71, 58][Non-Text]
text [0, 58, 71, 58, 71
text [0, 58, 71, 58][Non-Text]
text [0, 58, 71, 58, 71
text [0, 58, 71, 58, 71
text [0, 58, 71, 58, 71
text [0, 58, 71, 58, 71
text [0, 58, 71, 58, 71
text [0, 58, 71, 58, 71
text [0, 58, 71, 58, 71
text [0, 58, 71, 58, 71
text [0, 58, 71, 58, 71
text [0, 58, 71, 58, 71
text [0, 58, 71, 58, 71
text [0, 58, 71, 58, 71
text [0, 58, 71, 58, 71
text [0, 58, 71, 58, 71
text [0, 58, 71, 58, 71
text [0, 58, 71, 58, 71
text [0, 58, 71, 58, 71
text [0, 58, 71, 58, 71
text [0, 58, 71, 58, 71
text [0, 58, 71, 58, 71
text [0, 58, 71, 58, 71
text [0, 58, 71, 58, 71
text [0, 58, 71, 58, 71
text [0, 58, 71, 58, 71
text [0, 58, 71, 58, 71
text [0, 58, 71, 58, 71
text [0, 58, 71, 58, 71
text [0, 58, 71, 58, 71
text [0, 58, 71, 58, 71
text [0, 58, 71, 58, 71
text [0, 58, 71, 58, 71
text [0, 58, 71, 58, 71
text [0, 58, 71, 58, 71
text [0, 58, 71, 58, 71
text [0, 58, 71, 58, 71
text [0, 58, 71, 58, 71
text [0, 58, 71, 58, 71
text [0, 58, 71, 58, 71
text [0, 58, 71, 58, 71
text [0, 58, 71, 58, 71
text [0, 58, 71, 58, 71
text [0, 58, 71, 58, 71
text [0, 58, 71, 58, 71
text [0, 58, 71, 58, 71
text [0, 58, 71, 58, 71
text [0, 58, 71, 58, 71
text [0, 58, 71, 58, 71
text [0, 58, 71, 58, 71
text [0, 58, 71, 58, 71
text [0, 58, 71, 58, 71
text [0, 58, 71, 58, 71
text [0, 58, 71, 58, 71
text [0, 58, 71, 58, 71
text [0, 58, 71, 58, 71
text [0, 58, 71, 58, 71
text [0, 58, 71, 58, 71
text [0, 58, 71, 58, 71
text [0, 58, 71, 58, 71
text [0, 58, 71, 58, 71
text [0, 58, 71, 58, 71
text [0, 58, 71, 58, 71
text [0, 58, 71, 58, 71
text [0, 58, 71, 58, 71
text [0, 58, 71, 58, 71
text [0, 58, 71, 58, 71
text [0, 58, 71, 58, 71
text [0, 58, 71, 58, 71
text [0, 58, 71, 58, 71
text [0, 58, 71, 58, 71
text [0, 58, 71, 58, 71
text [0, 58, 71, 58, 71
text [0, 58, 71, 58, 71
text [0, 58, 71, 58, 71
text [0, 58, 71, 58, 71
text [0, 58, 71, 58, 71
text [0, 58, 71, 58, 71
text [0, 58, 71, 58, 71
text [0, 58, 71, 58, 71
text [0, 58, 71, 58, 71
text [0, 58, 71, 58, 71
text [0, 58, 71, 58, 71
text [0, 58, 71, 58, 71
text [0, 58, 71, 58, 71
text [0, 58, 71, 58, 71
text [0, 58, 71, 58, 71
text [0, 58, 71, 58, 71
text [0, 58, 71, 58, 71
text [0, 58, 71, 58, 71
text [0, 58, 71, 58, 71
text [0, 58, 71, 58, 71
text [0, 58, 71, 58, 71
text [0, 58, 71, 58, 71
text [0, 58, 71, 58, 71
text [0, 58, 71, 58, 71
text [0, 58, 71, 58, 71
text [0, 58, 71, 58, 71
text [0, 58, 71, 58, 71
text [0, 58, 71, 58, 71
text [0, 58, 71, 58, 71
text [0, 58, 71, 58, 71
text [0, 58, 71, 58, 71
text [0, 58, 71, 58, 71
text [0, 58, 71, 58, 71
text [0, 58, 71, 58, 71
text [0, 58, 71, 58, 71
text [0, 58, 71, 58, 71
text [0, 58, 71, 58, 71
text [0, 58, 71, 58, 71
text [0, 58, 71, 58, 71
text [0, 58, 71, 58, 71
text [0, 58, 71, 58, 71
text [0, 58, 71, 58, 71
text [0, 58, 71, 58, 71
text [0, 58, 71, 58, 71
text [0, 58, 71, 58, 71
text [0, 58, 71, 58, 71
text [0, 58, 71, 58, 71
text [0, 58, 71, 58, 71
text [0, 58, 71, 58, 71
text [0, 58, 71, 58, 71
text [0, 58, 71, 58, 71
text [0, 58, 71, 58, 71
text [0, 58, 71, 58, 71
text [0, 58, 71, 58, 71
text [0, 58, 71, 58, 71
text [0, 58, 71, 58, 71
text [0, 58, 71, 58, 71
text [0, 58, 71, 58, 71
text [0, 58, 71, 58, 71
text [0, 58, 71, 58, 71
text [0, 58, 71, 58, 71
text [0, 58, 71, 58, 71
text [0, 58, 71, 58, 71
text [0, 58, 71, 58, 71
text [0, 58, 71, 58, 71
text [0, 58, 71, 58, 71
text [0, 58, 71, 58, 71
text [0, 58, 71, 58, 71
text [0, 58, 71, 58, 71
text [0, 58, 71, 58, 71
text [0, 58, 71, 58, 71